-2.434083779335543 -55.674659942631750 50.269464978014660
-2.764156584326462 -51.578098400204040 25.217123788457844
2.957126185101179 34.668807384155570 -17.031380558084350
57.665639284219390 -25.631339512356830 23.861642270081774
-1.077101816952722 56.498070825276210 10.012317675645217
51.228145107779700 -66.900656752557420 19.090161570610230
-26.505453115757880 22.945562735087650 42.900257393378844
-58.925385870680700 -34.136024870131360 31.171309795234140
-43.816156302833650 -67.028292788759200 22.962801242772873
44 -38 42
-42 -48 44
28 8 58
-28 4 60
2 22 44
-2 24 44
4 12 26
-12 -94 0
16 -90 -8
-28 -86 -16
-50 -38 -6
50 -42 -2